{
 "cells": [
  {
   "cell_type": "markdown",
   "metadata": {},
   "source": [
    "# Tensorflow构建cnn模型实现情感分析\n",
    "本文使用tensorflow框架构建cnn模型，实现口碑数据的情感分析.模型的主要信息如下：\n",
    "- 输入数据:使用` gensim.models.doc2vec.Doc2Vec(dm=0,dbow_words=1,size=80,min_count=2,iter=55,workers=cores,window=8)`构建PV_DBOW_model模型生成的文本向量\n",
    "- 模型效果：效果不佳，分类正确率仅0.6左右\n",
    "- 效果不佳原因：输入数据是80维的doc2vec PV_DBOW_model生成的文本向量，PV_DBOW_mode self-similarity评估效果0.756左右（similar doc per model>0.9句向量表示效果好），故该文本向量表示文本的效果不太好。基于不太理想的数据构建的cnn模型，分类的效果也不会太好"
   ]
  },
  {
   "cell_type": "markdown",
   "metadata": {},
   "source": [
    "## 读入训练/测试数据"
   ]
  },
  {
   "cell_type": "code",
   "execution_count": 1,
   "metadata": {},
   "outputs": [],
   "source": [
    "import pandas as pd\n",
    "pd_train = pd.read_csv('./data/pd_train.csv')\n",
    "pd_test = pd.read_csv('./data/pd_test.csv')"
   ]
  },
  {
   "cell_type": "code",
   "execution_count": 2,
   "metadata": {},
   "outputs": [],
   "source": [
    "feature = [str(i) for i in range(80)]"
   ]
  },
  {
   "cell_type": "code",
   "execution_count": 3,
   "metadata": {},
   "outputs": [
    {
     "data": {
      "text/plain": [
       "(75000, 80)"
      ]
     },
     "execution_count": 3,
     "metadata": {},
     "output_type": "execute_result"
    }
   ],
   "source": [
    "pd_train[feature].as_matrix().shape"
   ]
  },
  {
   "cell_type": "code",
   "execution_count": 4,
   "metadata": {},
   "outputs": [
    {
     "data": {
      "text/plain": [
       "dtype('int64')"
      ]
     },
     "execution_count": 4,
     "metadata": {},
     "output_type": "execute_result"
    }
   ],
   "source": [
    "pd_train['score'].as_matrix().dtype"
   ]
  },
  {
   "cell_type": "code",
   "execution_count": 5,
   "metadata": {},
   "outputs": [],
   "source": [
    "#数据格式为np.array\n",
    "train_data = pd_train[feature].as_matrix()\n",
    "#修改数值类型从float64改成float32\n",
    "train_data = train_data.astype('float32')\n",
    "train_labels =pd_train['score'].as_matrix()\n",
    "eval_data = pd_test[feature].as_matrix()\n",
    "#修改数值类型从float64改成float32\n",
    "eval_data = eval_data.astype('float32')\n",
    "eval_labels = pd_test['score'].as_matrix()"
   ]
  },
  {
   "cell_type": "code",
   "execution_count": 6,
   "metadata": {},
   "outputs": [
    {
     "data": {
      "text/plain": [
       "dtype('float32')"
      ]
     },
     "execution_count": 6,
     "metadata": {},
     "output_type": "execute_result"
    }
   ],
   "source": [
    "train_data.dtype"
   ]
  },
  {
   "cell_type": "markdown",
   "metadata": {},
   "source": [
    "## 构建cnn模型"
   ]
  },
  {
   "cell_type": "code",
   "execution_count": 7,
   "metadata": {},
   "outputs": [],
   "source": [
    "from __future__ import absolute_import\n",
    "from __future__ import division\n",
    "from __future__ import print_function\n",
    "\n",
    "# Imports\n",
    "import numpy as np\n",
    "import tensorflow as tf\n",
    "\n",
    "tf.logging.set_verbosity(tf.logging.INFO)"
   ]
  },
  {
   "cell_type": "code",
   "execution_count": 8,
   "metadata": {},
   "outputs": [],
   "source": [
    "def cnn_model_fn(features, labels, mode):\n",
    "    \"\"\"Model function for CNN.\"\"\"\n",
    "    # Input Layer\n",
    "    input_layer = tf.reshape(features[\"x\"], [-1, 80, 1, 1])\n",
    "\n",
    "    # Convolutional Layer #1\n",
    "    conv1 = tf.layers.conv2d(\n",
    "        inputs=input_layer,\n",
    "        filters=4,\n",
    "        kernel_size=[10, 1],\n",
    "        padding=\"same\",\n",
    "        activation=tf.nn.relu)\n",
    "\n",
    "    # Pooling Layer #1\n",
    "    pool1 = tf.layers.max_pooling2d(inputs=conv1, pool_size=[2, 1], strides=2)\n",
    "    '''\n",
    "    # Convolutional Layer #2 and Pooling Layer #2\n",
    "    conv2 = tf.layers.conv2d(\n",
    "        inputs=pool1,\n",
    "        filters=8,\n",
    "        kernel_size=[2, 1],\n",
    "        padding=\"same\",\n",
    "        activation=tf.nn.relu)\n",
    "    pool2 = tf.layers.max_pooling2d(inputs=conv2, pool_size=[2, 1], strides=2)\n",
    " '''\n",
    "    # Dense Layer\n",
    "    pool2_flat = tf.reshape(pool1, [-1, 40* 1 * 4])\n",
    "    dense = tf.layers.dense(inputs=pool2_flat, units=32, activation=tf.nn.relu)\n",
    "    dropout = tf.layers.dropout(\n",
    "      inputs=dense, rate=0.4, training=mode == tf.estimator.ModeKeys.TRAIN)\n",
    "\n",
    "    # Logits Layer\n",
    "    logits = tf.layers.dense(inputs=dropout, units=6)\n",
    "\n",
    "    predictions = {\n",
    "      # Generate predictions (for PREDICT and EVAL mode)\n",
    "      \"classes\": tf.argmax(input=logits, axis=1),\n",
    "      # Add `softmax_tensor` to the graph. It is used for PREDICT and by the\n",
    "      # `logging_hook`.\n",
    "      \"probabilities\": tf.nn.softmax(logits, name=\"softmax_tensor\")\n",
    "  }\n",
    "\n",
    "    if mode == tf.estimator.ModeKeys.PREDICT:\n",
    "        return tf.estimator.EstimatorSpec(mode=mode, predictions=predictions)\n",
    "\n",
    "    # Calculate Loss (for both TRAIN and EVAL modes)\n",
    "    loss = tf.losses.sparse_softmax_cross_entropy(labels=labels, logits=logits)\n",
    "\n",
    "    # Configure the Training Op (for TRAIN mode)\n",
    "    if mode == tf.estimator.ModeKeys.TRAIN:\n",
    "        optimizer = tf.train.GradientDescentOptimizer(learning_rate=0.001)\n",
    "        train_op = optimizer.minimize(\n",
    "        loss=loss,\n",
    "        global_step=tf.train.get_global_step())\n",
    "        return tf.estimator.EstimatorSpec(mode=mode, loss=loss, train_op=train_op)\n",
    "\n",
    "    # Add evaluation metrics (for EVAL mode)\n",
    "    eval_metric_ops = {\n",
    "      \"accuracy\": tf.metrics.accuracy(\n",
    "          labels=labels, predictions=predictions[\"classes\"])}\n",
    "    return tf.estimator.EstimatorSpec(\n",
    "      mode=mode, loss=loss, eval_metric_ops=eval_metric_ops)"
   ]
  },
  {
   "cell_type": "code",
   "execution_count": 9,
   "metadata": {},
   "outputs": [
    {
     "name": "stdout",
     "output_type": "stream",
     "text": [
      "INFO:tensorflow:Using default config.\n",
      "INFO:tensorflow:Using config: {'_save_checkpoints_secs': 600, '_session_config': None, '_keep_checkpoint_max': 5, '_task_type': 'worker', '_is_chief': True, '_cluster_spec': <tensorflow.python.training.server_lib.ClusterSpec object at 0x7f69e465c290>, '_save_checkpoints_steps': None, '_keep_checkpoint_every_n_hours': 10000, '_service': None, '_num_ps_replicas': 0, '_tf_random_seed': None, '_master': '', '_num_worker_replicas': 1, '_task_id': 0, '_log_step_count_steps': 100, '_model_dir': './tmp/pingfen_convnet_model', '_save_summary_steps': 100}\n"
     ]
    }
   ],
   "source": [
    "mnist_classifier = tf.estimator.Estimator(\n",
    "    model_fn = cnn_model_fn,model_dir='./tmp/pingfen_convnet_model')"
   ]
  },
  {
   "cell_type": "code",
   "execution_count": 10,
   "metadata": {},
   "outputs": [],
   "source": [
    "# Set up logging for predictions\n",
    "tensors_to_log = {\"probabilities\": \"softmax_tensor\"}\n",
    "logging_hook = tf.train.LoggingTensorHook(tensors=tensors_to_log, every_n_iter=50)"
   ]
  },
  {
   "cell_type": "markdown",
   "metadata": {},
   "source": [
    "## 训练cnn模型"
   ]
  },
  {
   "cell_type": "code",
   "execution_count": 11,
   "metadata": {},
   "outputs": [
    {
     "name": "stdout",
     "output_type": "stream",
     "text": [
      "INFO:tensorflow:Create CheckpointSaverHook.\n",
      "INFO:tensorflow:Restoring parameters from ./tmp/pingfen_convnet_model/model.ckpt-20000\n",
      "INFO:tensorflow:Saving checkpoints for 20001 into ./tmp/pingfen_convnet_model/model.ckpt.\n",
      "INFO:tensorflow:probabilities = [[0.00014775 0.00118833 0.00090027 0.04385887 0.24246219 0.7114426 ]\n",
      " [0.00000043 0.00023146 0.00167531 0.07054105 0.32724586 0.60030586]\n",
      " [0.00115522 0.02764106 0.05995301 0.14934221 0.26229778 0.49961066]\n",
      " ...\n",
      " [0.00043283 0.00752753 0.00438319 0.07313761 0.25316143 0.66135746]\n",
      " [0.00000171 0.00014193 0.00555609 0.13779409 0.37296593 0.48354018]\n",
      " [0.02396978 0.06482391 0.09996277 0.14773428 0.21547285 0.44803646]]\n",
      "INFO:tensorflow:loss = 0.9304232, step = 20001\n",
      "INFO:tensorflow:probabilities = [[0.00043903 0.00757462 0.03466894 0.15001269 0.2830425  0.52426225]\n",
      " [0.00005992 0.00233411 0.01474791 0.12201291 0.30385375 0.55699134]\n",
      " [0.00020909 0.00265054 0.00719917 0.08118352 0.2497919  0.65896577]\n",
      " ...\n",
      " [0.00000004 0.0000757  0.00156643 0.08239765 0.35404113 0.561919  ]\n",
      " [0.00071874 0.00707665 0.00452321 0.08110467 0.2602057  0.646371  ]\n",
      " [0.00000018 0.00012569 0.00189245 0.06751174 0.34029928 0.5901706 ]] (1.126 sec)\n",
      "INFO:tensorflow:global_step/sec: 48.381\n",
      "INFO:tensorflow:probabilities = [[0.00014401 0.00256949 0.00278283 0.08460888 0.2790456  0.6308491 ]\n",
      " [0.00298629 0.01398808 0.05227564 0.13290451 0.25478077 0.54306465]\n",
      " [0.00000047 0.00016924 0.00349428 0.07799821 0.3262731  0.5920646 ]\n",
      " ...\n",
      " [0.00025039 0.00461939 0.04246683 0.14245746 0.3828773  0.4273286 ]\n",
      " [0.00077008 0.00792353 0.02241744 0.11849738 0.2659213  0.58447033]\n",
      " [0.04042951 0.12118454 0.11554588 0.1499685  0.19718239 0.3756892 ]] (0.945 sec)\n",
      "INFO:tensorflow:loss = 1.0487726, step = 20101 (2.071 sec)\n",
      "INFO:tensorflow:probabilities = [[0.00001236 0.00295257 0.00343129 0.09472076 0.30680147 0.59208155]\n",
      " [0.00000003 0.00015352 0.00052779 0.04985826 0.2777681  0.6716923 ]\n",
      " [0.00051314 0.0191379  0.00943354 0.11981573 0.29905146 0.5520482 ]\n",
      " ...\n",
      " [0.00010269 0.00156793 0.00774556 0.08506568 0.26857832 0.6369398 ]\n",
      " [0.0010292  0.00632762 0.03079714 0.15559725 0.30188516 0.50436366]\n",
      " [0.00037269 0.00706795 0.00883985 0.10347679 0.31572792 0.5645149 ]] (0.929 sec)\n",
      "INFO:tensorflow:global_step/sec: 56.937\n",
      "INFO:tensorflow:probabilities = [[0.00018727 0.00052075 0.00524489 0.03993314 0.17914225 0.7749717 ]\n",
      " [0.00039433 0.00204405 0.00951777 0.07266147 0.2490128  0.6663695 ]\n",
      " [0.0000006  0.00229831 0.00774126 0.16360512 0.36883014 0.45752448]\n",
      " ...\n",
      " [0.00399046 0.01388906 0.01137535 0.08459838 0.24975814 0.63638854]\n",
      " [0.00005201 0.00144459 0.00737346 0.08618882 0.2910734  0.6138677 ]\n",
      " [0.00034093 0.01439989 0.02448432 0.17328525 0.3335552  0.45393452]] (0.825 sec)\n",
      "INFO:tensorflow:loss = 0.9705827, step = 20201 (1.753 sec)\n",
      "INFO:tensorflow:probabilities = [[0.00003381 0.00340654 0.00324671 0.10937819 0.30134434 0.58259034]\n",
      " [0.00000828 0.00046039 0.00363312 0.07744775 0.3050277  0.61342275]\n",
      " [0.00020458 0.00093059 0.00023958 0.02433443 0.16927737 0.80501354]\n",
      " ...\n",
      " [0.07324252 0.07205081 0.11583466 0.1661908  0.20454445 0.3681368 ]\n",
      " [0.00071137 0.0156139  0.01200823 0.09951741 0.2833434  0.5888056 ]\n",
      " [0.000824   0.03469409 0.02599006 0.14804952 0.28823823 0.5022042 ]] (0.903 sec)\n",
      "INFO:tensorflow:global_step/sec: 54.6027\n",
      "INFO:tensorflow:probabilities = [[0.00003868 0.00048845 0.00258954 0.06691083 0.2726968  0.65727574]\n",
      " [0.00001045 0.00134644 0.00352067 0.08615465 0.29011562 0.6188522 ]\n",
      " [0.0012729  0.00613238 0.01724109 0.11636554 0.2744753  0.5845128 ]\n",
      " ...\n",
      " [0.00000184 0.0002986  0.00847405 0.11583532 0.33831432 0.5370759 ]\n",
      " [0.00106221 0.01178727 0.01227397 0.14679702 0.30041456 0.5276649 ]\n",
      " [0.00089579 0.00155572 0.01454865 0.05961145 0.22065938 0.70272905]] (0.929 sec)\n",
      "INFO:tensorflow:loss = 0.9251947, step = 20301 (1.834 sec)\n",
      "INFO:tensorflow:probabilities = [[0.00141226 0.01814941 0.05161052 0.14525533 0.26155877 0.5220137 ]\n",
      " [0.00464333 0.02073414 0.0438267  0.13608727 0.24205458 0.5526539 ]\n",
      " [0.00000715 0.00123506 0.00429357 0.0854269  0.29636258 0.6126748 ]\n",
      " ...\n",
      " [0.0000637  0.00452642 0.01524704 0.13239905 0.2982989  0.5494649 ]\n",
      " [0.0001086  0.00180887 0.00554138 0.08853075 0.2865431  0.6174674 ]\n",
      " [0.00018561 0.00575715 0.01177485 0.08451428 0.24855417 0.64921385]] (0.973 sec)\n",
      "INFO:tensorflow:global_step/sec: 52.7316\n",
      "INFO:tensorflow:probabilities = [[0.00014758 0.0040598  0.01231707 0.11905035 0.28147376 0.58295137]\n",
      " [0.00114915 0.01440237 0.01371456 0.09627192 0.23997304 0.634489  ]\n",
      " [0.02139103 0.04005615 0.03636244 0.10705173 0.21813829 0.5770003 ]\n",
      " ...\n",
      " [0.00002386 0.0013107  0.01616936 0.11725152 0.3195273  0.54571724]\n",
      " [0.00001129 0.00530672 0.00927102 0.1470252  0.3396037  0.49878204]\n",
      " [0.00286162 0.02540366 0.03236019 0.12603201 0.2601576  0.55318487]] (0.923 sec)\n",
      "INFO:tensorflow:loss = 0.9431058, step = 20401 (1.894 sec)\n",
      "INFO:tensorflow:probabilities = [[0.00000211 0.00040872 0.00113311 0.05126882 0.2748003  0.6723869 ]\n",
      " [0.01948685 0.03301172 0.02909908 0.1046068  0.24007896 0.5737165 ]\n",
      " [0.00167009 0.0156143  0.01111347 0.08984981 0.2694211  0.6123313 ]\n",
      " ...\n",
      " [0.00000989 0.00032535 0.00125507 0.06937271 0.2925859  0.63645107]\n",
      " [0.00106294 0.00637871 0.00964212 0.08904044 0.2547075  0.6391683 ]\n",
      " [0.00022905 0.00293622 0.00587735 0.09796812 0.28669074 0.6062985 ]] (0.854 sec)\n",
      "INFO:tensorflow:global_step/sec: 55.2233\n",
      "INFO:tensorflow:probabilities = [[0.0000001  0.00008897 0.00275127 0.07830758 0.33856243 0.58028966]\n",
      " [0.00134655 0.01125431 0.00949206 0.0790504  0.25705513 0.64180154]\n",
      " [0.00011478 0.00593871 0.01642936 0.14912653 0.3025481  0.5258424 ]\n",
      " ...\n",
      " [0.02982738 0.04326276 0.04110265 0.1283581  0.23093641 0.52651274]\n",
      " [0.00145036 0.00454617 0.00661413 0.0913256  0.25974026 0.6363235 ]\n",
      " [0.00008359 0.00890245 0.02115898 0.13661398 0.28505975 0.5481813 ]] (0.957 sec)\n",
      "INFO:tensorflow:loss = 0.9497782, step = 20501 (1.812 sec)\n",
      "INFO:tensorflow:probabilities = [[0.00002293 0.00121022 0.00943101 0.1047874  0.32062662 0.5639218 ]\n",
      " [0.00241769 0.01719658 0.02976165 0.14076008 0.26595807 0.5439059 ]\n",
      " [0.00000819 0.00346801 0.00923512 0.1816709  0.42173094 0.38388678]\n",
      " ...\n",
      " [0.00278114 0.02208691 0.01369898 0.10933551 0.255967   0.59613043]\n",
      " [0.00427217 0.01035938 0.0296644  0.12057977 0.25621375 0.5789106 ]\n",
      " [0.00005979 0.00405459 0.00556899 0.1083504  0.31739214 0.5645741 ]] (0.990 sec)\n",
      "INFO:tensorflow:global_step/sec: 51.967\n",
      "INFO:tensorflow:probabilities = [[0.0000661  0.00036414 0.00529968 0.0616135  0.25274968 0.6799069 ]\n",
      " [0.00035993 0.01045919 0.00890252 0.10066583 0.29310068 0.58651185]\n",
      " [0.00000042 0.00036186 0.00227581 0.15837373 0.47583178 0.3631564 ]\n",
      " ...\n",
      " [0.00030943 0.00334998 0.00545785 0.06960201 0.24605566 0.6752251 ]\n",
      " [0.00292208 0.00623363 0.00945847 0.06859243 0.22404176 0.68875164]\n",
      " [0.00000019 0.00030643 0.00406872 0.12024043 0.45038655 0.4249977 ]] (0.933 sec)\n",
      "INFO:tensorflow:loss = 0.9752903, step = 20601 (1.923 sec)\n",
      "INFO:tensorflow:probabilities = [[0.00155472 0.00472242 0.02464633 0.12400412 0.27963966 0.5654328 ]\n",
      " [0.00046827 0.00540647 0.01185357 0.10008188 0.28416184 0.598028  ]\n",
      " [0.0000382  0.02348962 0.00623218 0.19948436 0.467258   0.30349767]\n",
      " ...\n",
      " [0.00012357 0.00809743 0.03332516 0.15576674 0.29279795 0.5098892 ]\n",
      " [0.00022868 0.00309296 0.0092638  0.11104501 0.2968833  0.57948625]\n",
      " [0.00000009 0.00001155 0.00010147 0.01912351 0.22011341 0.7606499 ]] (0.836 sec)\n",
      "INFO:tensorflow:global_step/sec: 56.1007\n",
      "INFO:tensorflow:probabilities = [[0.00000112 0.00051196 0.00019704 0.03067046 0.24402477 0.72459465]\n",
      " [0.00000019 0.00000452 0.00000883 0.00828026 0.16563374 0.82607245]\n",
      " [0.01988778 0.03037981 0.05343385 0.11631764 0.2278308  0.5521501 ]\n",
      " ...\n",
      " [0.00018513 0.00405194 0.01729057 0.1061653  0.2853303  0.58697677]\n",
      " [0.00001458 0.00010889 0.00020738 0.01674717 0.17376597 0.80915606]\n",
      " [0.00000863 0.00075139 0.00056946 0.03318463 0.22808541 0.7374005 ]] (0.946 sec)\n",
      "INFO:tensorflow:loss = 1.0098403, step = 20701 (1.786 sec)\n",
      "INFO:tensorflow:probabilities = [[0.01321772 0.02438525 0.03887602 0.11022739 0.2328502  0.58044344]\n",
      " [0.00002131 0.00402096 0.00056742 0.0603499  0.28105336 0.65398705]\n",
      " [0.00000003 0.00027298 0.00240202 0.14570205 0.50322294 0.34840003]\n",
      " ...\n",
      " [0.00009311 0.00459937 0.02476902 0.11053589 0.27756897 0.58243364]\n",
      " [0.00003456 0.00144766 0.00950973 0.08789838 0.282303   0.61880666]\n",
      " [0.00001544 0.00028711 0.00074947 0.05237101 0.2703696  0.67620736]] (0.977 sec)\n"
     ]
    },
    {
     "name": "stdout",
     "output_type": "stream",
     "text": [
      "INFO:tensorflow:global_step/sec: 51.6978\n",
      "INFO:tensorflow:probabilities = [[0.00000012 0.00000739 0.00034966 0.0381348  0.2700984  0.69140965]\n",
      " [0.01019657 0.05237481 0.02318002 0.11418241 0.23007163 0.56999457]\n",
      " [0.00000007 0.00120044 0.00468255 0.15211934 0.39101154 0.45098603]\n",
      " ...\n",
      " [0.         0.00000645 0.00012105 0.07821114 0.6596096  0.26205173]\n",
      " [0.00098777 0.0192467  0.03672789 0.14301829 0.26507005 0.53494936]\n",
      " [0.00463683 0.00448168 0.01841735 0.08145204 0.2402795  0.65073264]] (0.957 sec)\n",
      "INFO:tensorflow:loss = 0.86632836, step = 20801 (1.932 sec)\n",
      "INFO:tensorflow:probabilities = [[0.00007121 0.00254582 0.01627037 0.1220782  0.3051415  0.5538929 ]\n",
      " [0.00000655 0.00118602 0.00706519 0.12233355 0.33372003 0.5356887 ]\n",
      " [0.00032805 0.00182196 0.00150136 0.04664377 0.22127838 0.72842646]\n",
      " ...\n",
      " [0.00103545 0.00123745 0.01032256 0.05181941 0.20678665 0.72879845]\n",
      " [0.00060633 0.01116641 0.03491852 0.17320304 0.31311205 0.46699366]\n",
      " [0.00216701 0.01713034 0.06022504 0.16032913 0.28291458 0.47723392]] (0.885 sec)\n",
      "INFO:tensorflow:global_step/sec: 55.9335\n",
      "INFO:tensorflow:probabilities = [[0.00000613 0.00337917 0.00685338 0.13090484 0.32740346 0.5314531 ]\n",
      " [0.00011289 0.00767625 0.02132625 0.136351   0.3115037  0.5230299 ]\n",
      " [0.00873554 0.00730829 0.02423256 0.08511772 0.22417621 0.65042967]\n",
      " ...\n",
      " [0.00001234 0.00023291 0.00045625 0.03420559 0.21797036 0.7471226 ]\n",
      " [0.00000105 0.00013937 0.00062616 0.07556508 0.42989293 0.4937754 ]\n",
      " [0.00000194 0.00005439 0.00258831 0.05454028 0.30093518 0.6418799 ]] (0.904 sec)\n",
      "INFO:tensorflow:loss = 0.9352089, step = 20901 (1.788 sec)\n",
      "INFO:tensorflow:probabilities = [[0.00181039 0.00259071 0.00166481 0.03613318 0.17720912 0.7805918 ]\n",
      " [0.00008315 0.00418232 0.01582222 0.14102551 0.3021854  0.5367014 ]\n",
      " [0.00000024 0.00093874 0.00452693 0.13453305 0.42680246 0.43319857]\n",
      " ...\n",
      " [0.00009414 0.00177232 0.0062061  0.09412755 0.29301864 0.60478127]\n",
      " [0.00000025 0.0004559  0.00246592 0.10287325 0.35504726 0.5391574 ]\n",
      " [0.00000314 0.00081182 0.00794268 0.14221945 0.37667444 0.4723484 ]] (0.960 sec)\n",
      "INFO:tensorflow:global_step/sec: 52.2626\n",
      "INFO:tensorflow:probabilities = [[0.         0.00000058 0.00003126 0.0196836  0.35934165 0.62094295]\n",
      " [0.0007454  0.01380124 0.02340707 0.14222163 0.28374672 0.5360779 ]\n",
      " [0.00033441 0.00360359 0.00638919 0.05239938 0.20532162 0.7319518 ]\n",
      " ...\n",
      " [0.00000272 0.00004888 0.00046294 0.03495505 0.24881175 0.7157186 ]\n",
      " [0.00012276 0.00546956 0.01540313 0.14454044 0.26803133 0.5664328 ]\n",
      " [0.00044638 0.00367795 0.00786278 0.08827422 0.25639617 0.64334244]] (0.953 sec)\n",
      "INFO:tensorflow:loss = 0.9696355, step = 21001 (1.915 sec)\n",
      "INFO:tensorflow:probabilities = [[0.         0.00000207 0.00005175 0.0668061  0.46624947 0.46689063]\n",
      " [0.0123953  0.08162346 0.04471834 0.16592598 0.2666365  0.42870048]\n",
      " [0.00540233 0.01884065 0.03256901 0.11989838 0.24937671 0.5739129 ]\n",
      " ...\n",
      " [0.00006009 0.00359316 0.01304893 0.12627754 0.29565334 0.5613669 ]\n",
      " [0.00008149 0.00346693 0.01712707 0.07475536 0.2288889  0.6756803 ]\n",
      " [0.00014336 0.00301172 0.02925766 0.13991629 0.32573926 0.5019317 ]] (0.981 sec)\n",
      "INFO:tensorflow:global_step/sec: 54.8134\n",
      "INFO:tensorflow:probabilities = [[0.00215119 0.00954214 0.01437935 0.08182674 0.22805187 0.6640487 ]\n",
      " [0.0000391  0.00281523 0.01608208 0.13592479 0.31575578 0.52938306]\n",
      " [0.00000066 0.00138225 0.00948245 0.13870943 0.3453407  0.5050846 ]\n",
      " ...\n",
      " [0.00002089 0.00137189 0.00280736 0.10082904 0.3183348  0.576636  ]\n",
      " [0.00011832 0.00405957 0.01353425 0.11559473 0.29510722 0.5715859 ]\n",
      " [0.00648009 0.01114647 0.02593015 0.11459887 0.25666705 0.58517736]] (0.842 sec)\n",
      "INFO:tensorflow:loss = 0.92965627, step = 21101 (1.823 sec)\n",
      "INFO:tensorflow:probabilities = [[0.00331661 0.02529275 0.03543984 0.11380349 0.2380169  0.58413047]\n",
      " [0.00013074 0.00261934 0.00294593 0.08013621 0.2822986  0.6318692 ]\n",
      " [0.02275122 0.04501387 0.08171778 0.13720594 0.22086483 0.4924463 ]\n",
      " ...\n",
      " [0.01729736 0.05809487 0.09659903 0.15509968 0.22454794 0.44836113]\n",
      " [0.00003641 0.00255593 0.00541686 0.08555017 0.29033774 0.61610293]\n",
      " [0.00021969 0.00736067 0.01303014 0.12209099 0.29490775 0.56239074]] (0.962 sec)\n",
      "INFO:tensorflow:global_step/sec: 51.0119\n",
      "INFO:tensorflow:probabilities = [[0.00070687 0.0386195  0.02137249 0.13116886 0.2962847  0.51184756]\n",
      " [0.00004805 0.00081547 0.00191394 0.06181024 0.27163598 0.6637764 ]\n",
      " [0.00000043 0.00007793 0.00061203 0.02732916 0.21444315 0.75753736]\n",
      " ...\n",
      " [0.00002569 0.00052007 0.00171854 0.05944936 0.26538992 0.67289644]\n",
      " [0.00013187 0.00321052 0.00789091 0.10592251 0.28156704 0.6012771 ]\n",
      " [0.         0.00003143 0.00023527 0.05508554 0.34556574 0.59908205]] (0.998 sec)\n",
      "INFO:tensorflow:loss = 0.92944026, step = 21201 (1.959 sec)\n",
      "INFO:tensorflow:probabilities = [[0.00029215 0.0153632  0.01483192 0.13151717 0.29420745 0.5437882 ]\n",
      " [0.00000005 0.00001813 0.0019324  0.08399443 0.35500452 0.55905044]\n",
      " [0.00000096 0.00203407 0.00699996 0.14143214 0.36174658 0.4877863 ]\n",
      " ...\n",
      " [0.00251661 0.01141664 0.02846766 0.10691424 0.25417763 0.5965073 ]\n",
      " [0.00075706 0.00909721 0.01742923 0.09671687 0.25279346 0.6232062 ]\n",
      " [0.00425454 0.00715484 0.00239106 0.04822233 0.19483805 0.7431392 ]] (0.956 sec)\n",
      "INFO:tensorflow:global_step/sec: 54.377\n",
      "INFO:tensorflow:probabilities = [[0.00010399 0.00590555 0.03045737 0.15913042 0.3094974  0.49490523]\n",
      " [0.00003787 0.0026667  0.01479343 0.13945135 0.32916164 0.513889  ]\n",
      " [0.00000026 0.00018794 0.00283092 0.09364311 0.35269365 0.55064416]\n",
      " ...\n",
      " [0.00087782 0.01214955 0.01974685 0.13011639 0.28545976 0.55164963]\n",
      " [0.00000006 0.00004801 0.00132839 0.07650985 0.37691787 0.5451958 ]\n",
      " [0.00035369 0.01502353 0.0253199  0.20210701 0.3650164  0.3921795 ]] (0.883 sec)\n",
      "INFO:tensorflow:loss = 0.9581489, step = 21301 (1.842 sec)\n",
      "INFO:tensorflow:probabilities = [[0.00029844 0.0028712  0.00612225 0.08589378 0.27050152 0.63431275]\n",
      " [0.00000159 0.00006005 0.0004679  0.02053892 0.16828959 0.81064194]\n",
      " [0.00005997 0.00372271 0.0237359  0.1617093  0.31634894 0.49442324]\n",
      " ...\n",
      " [0.0000957  0.00336248 0.004758   0.09960776 0.30993065 0.5822453 ]\n",
      " [0.00025105 0.00395105 0.00278666 0.07187745 0.2576249  0.66350895]\n",
      " [0.00004544 0.00115836 0.00624039 0.07819439 0.2750482  0.6393132 ]] (0.882 sec)\n",
      "INFO:tensorflow:global_step/sec: 55.1115\n",
      "INFO:tensorflow:probabilities = [[0.00000224 0.00013797 0.0037254  0.08315749 0.34807378 0.56490314]\n",
      " [0.00987186 0.07040095 0.07688911 0.14551698 0.22919255 0.4681286 ]\n",
      " [0.00242354 0.01634469 0.058668   0.13850527 0.26225293 0.5218055 ]\n",
      " ...\n",
      " [0.00000311 0.00094405 0.00266563 0.04964944 0.22727767 0.71946007]\n",
      " [0.00162894 0.0266968  0.0496938  0.18322182 0.29939464 0.439364  ]\n",
      " [0.00041343 0.00262315 0.01103242 0.09602711 0.27200773 0.6178961 ]] (0.935 sec)\n",
      "INFO:tensorflow:loss = 0.92993987, step = 21401 (1.818 sec)\n",
      "INFO:tensorflow:probabilities = [[0.00046078 0.01262386 0.02640384 0.13738331 0.30031145 0.5228167 ]\n",
      " [0.00682297 0.0521411  0.05023709 0.18137455 0.3217968  0.38762742]\n",
      " [0.00016643 0.00071053 0.00026852 0.02450953 0.18355162 0.79079336]\n",
      " ...\n",
      " [0.00007269 0.00313249 0.01976391 0.13430531 0.29841286 0.5443128 ]\n",
      " [0.00005445 0.00520539 0.01113436 0.10906408 0.28284308 0.5916986 ]\n",
      " [0.00002669 0.00099758 0.01305917 0.11229353 0.31365672 0.55996627]] (0.938 sec)\n",
      "INFO:tensorflow:global_step/sec: 53.3463\n",
      "INFO:tensorflow:probabilities = [[0.00611003 0.06708861 0.03970897 0.15179704 0.27322122 0.46207422]\n",
      " [0.00000951 0.00064134 0.00493324 0.10309982 0.31883174 0.5724844 ]\n",
      " [0.         0.00000602 0.00003427 0.02142782 0.27591696 0.70261496]\n",
      " ...\n",
      " [0.00164241 0.00947129 0.01202224 0.11004956 0.3146618  0.55215275]\n",
      " [0.00000096 0.00027944 0.00125184 0.06300294 0.2791612  0.6563036 ]\n",
      " [0.00048379 0.02079133 0.02714222 0.18473104 0.35227135 0.41458032]] (0.934 sec)\n",
      "INFO:tensorflow:loss = 0.92429453, step = 21501 (1.868 sec)\n",
      "INFO:tensorflow:probabilities = [[0.00000001 0.00052498 0.00247167 0.13564043 0.4481717  0.41319123]\n",
      " [0.00001857 0.00850564 0.01104795 0.18476948 0.46312436 0.33253402]\n",
      " [0.00117858 0.00429167 0.04275461 0.14542383 0.2844167  0.52193457]\n",
      " ...\n",
      " [0.00000246 0.00026909 0.00437516 0.08510695 0.29724002 0.6130064 ]\n",
      " [0.00003313 0.00101045 0.00372658 0.08083399 0.29881942 0.61557645]\n",
      " [0.00006689 0.00130913 0.00244085 0.06257042 0.2511358  0.6824769 ]] (0.830 sec)\n"
     ]
    },
    {
     "name": "stdout",
     "output_type": "stream",
     "text": [
      "INFO:tensorflow:global_step/sec: 57.7726\n",
      "INFO:tensorflow:probabilities = [[0.00095979 0.00620226 0.02434034 0.12193943 0.2845903  0.5619678 ]\n",
      " [0.00000365 0.00092751 0.00354304 0.08914425 0.3093807  0.59700084]\n",
      " [0.0000038  0.00010372 0.00163545 0.06322883 0.29357415 0.6414541 ]\n",
      " ...\n",
      " [0.00010183 0.00500651 0.01285667 0.12695237 0.3060739  0.5490088 ]\n",
      " [0.00012173 0.00193864 0.00497302 0.06084735 0.2234248  0.70869446]\n",
      " [0.00033215 0.01067691 0.01522131 0.10564856 0.28070334 0.5874178 ]] (0.903 sec)\n",
      "INFO:tensorflow:loss = 0.9469331, step = 21601 (1.734 sec)\n",
      "INFO:tensorflow:probabilities = [[0.00006775 0.00174062 0.00672235 0.07353158 0.25403437 0.6639033 ]\n",
      " [0.00000153 0.00020502 0.00094066 0.04279706 0.2502715  0.7057842 ]\n",
      " [0.00000119 0.00041936 0.0079275  0.13540517 0.35511664 0.5011301 ]\n",
      " ...\n",
      " [0.00000001 0.00000072 0.00004447 0.01962112 0.2622116  0.71812207]\n",
      " [0.00084324 0.00512588 0.0088617  0.07722574 0.24186496 0.6660784 ]\n",
      " [0.00000006 0.00006665 0.00035989 0.03824874 0.2619674  0.6993573 ]] (0.947 sec)\n",
      "INFO:tensorflow:global_step/sec: 54.0692\n",
      "INFO:tensorflow:probabilities = [[0.00186075 0.01159365 0.01126057 0.0873449  0.23731273 0.6506274 ]\n",
      " [0.00048133 0.01055047 0.01787669 0.1092372  0.2607833  0.601071  ]\n",
      " [0.00794916 0.05782038 0.0799448  0.14927955 0.23618546 0.46882054]\n",
      " ...\n",
      " [0.00004747 0.00058671 0.00696071 0.08048311 0.27824885 0.63367325]\n",
      " [0.00000002 0.00001364 0.00123744 0.05834534 0.30591848 0.63448507]\n",
      " [0.00249794 0.003542   0.01492007 0.08574485 0.24552858 0.64776653]] (0.900 sec)\n",
      "INFO:tensorflow:loss = 0.9200789, step = 21701 (1.849 sec)\n",
      "INFO:tensorflow:probabilities = [[0.00294919 0.00887214 0.0045656  0.05778321 0.21850362 0.7073263 ]\n",
      " [0.         0.00005333 0.00099513 0.10087297 0.4371713  0.46090725]\n",
      " [0.00081393 0.0162791  0.00808756 0.10041761 0.26856703 0.6058348 ]\n",
      " ...\n",
      " [0.00054951 0.03223389 0.05379934 0.17008173 0.28089762 0.46243787]\n",
      " [0.04758424 0.16377987 0.05155857 0.12625702 0.21494086 0.3958794 ]\n",
      " [0.00005431 0.00510225 0.0128887  0.10382109 0.28701732 0.5911163 ]] (0.921 sec)\n",
      "INFO:tensorflow:global_step/sec: 54.149\n",
      "INFO:tensorflow:probabilities = [[0.00022845 0.00214634 0.00210672 0.04117437 0.27457672 0.6797674 ]\n",
      " [0.00000308 0.00183428 0.01099136 0.16584153 0.35119343 0.47013634]\n",
      " [0.00003957 0.00203262 0.00178056 0.04459338 0.22252983 0.729024  ]\n",
      " ...\n",
      " [0.0000005  0.00003021 0.00085179 0.05435226 0.32237664 0.6223886 ]\n",
      " [0.0000052  0.00113788 0.00293468 0.09169164 0.3266334  0.5775972 ]\n",
      " [0.00093361 0.01400666 0.04354616 0.13352726 0.26358843 0.54439783]] (0.926 sec)\n",
      "INFO:tensorflow:loss = 0.9035491, step = 21801 (1.843 sec)\n",
      "INFO:tensorflow:probabilities = [[0.00297084 0.03341105 0.04992262 0.13390562 0.2517464  0.52804357]\n",
      " [0.         0.00009322 0.00045834 0.07606333 0.38012648 0.5432586 ]\n",
      " [0.00003261 0.00119697 0.00471273 0.07381583 0.26919296 0.6510489 ]\n",
      " ...\n",
      " [0.00002407 0.00279939 0.01346765 0.12286571 0.3087034  0.5521398 ]\n",
      " [0.00000067 0.00019013 0.0027741  0.07010283 0.31077105 0.61616117]\n",
      " [0.         0.00000004 0.00000075 0.01266366 0.34476662 0.6425689 ]] (0.966 sec)\n",
      "INFO:tensorflow:global_step/sec: 51.589\n",
      "INFO:tensorflow:probabilities = [[0.00061923 0.00808204 0.03882798 0.16396625 0.2954817  0.49302283]\n",
      " [0.00011818 0.01364498 0.02374415 0.19407149 0.360134   0.40828714]\n",
      " [0.00594714 0.01081998 0.03464916 0.13281962 0.26905268 0.5467114 ]\n",
      " ...\n",
      " [0.00325954 0.01360647 0.00923002 0.09055635 0.24519962 0.63814807]\n",
      " [0.00033584 0.0047541  0.00710466 0.08418582 0.26041508 0.6432045 ]\n",
      " [0.01203601 0.02160794 0.01800694 0.08351853 0.21410011 0.65073043]] (0.972 sec)\n",
      "INFO:tensorflow:loss = 0.96524, step = 21901 (1.939 sec)\n",
      "INFO:tensorflow:probabilities = [[0.00351956 0.00379279 0.00395819 0.0575486  0.22044013 0.7107407 ]\n",
      " [0.00004595 0.00069003 0.00208775 0.03864098 0.21703508 0.74150026]\n",
      " [0.00001768 0.00049306 0.00082006 0.04344805 0.24586083 0.70936036]\n",
      " ...\n",
      " [0.00000068 0.00176637 0.00048428 0.07076652 0.3211189  0.6058633 ]\n",
      " [0.00730714 0.05987077 0.01606137 0.11680829 0.28037372 0.51957875]\n",
      " [0.00073735 0.00695331 0.00557283 0.07465777 0.2419972  0.6700816 ]] (0.880 sec)\n",
      "INFO:tensorflow:global_step/sec: 55.9061\n",
      "INFO:tensorflow:probabilities = [[0.00013184 0.0030741  0.01922825 0.14095792 0.306245   0.53036296]\n",
      " [0.00004559 0.00150703 0.00631582 0.09196235 0.27862185 0.6215474 ]\n",
      " [0.00011043 0.00796024 0.00799553 0.11370427 0.306063   0.5641666 ]\n",
      " ...\n",
      " [0.00794372 0.01671869 0.04075386 0.13030085 0.25234982 0.551933  ]\n",
      " [0.00001203 0.00067658 0.00185398 0.05635877 0.27739522 0.66370344]\n",
      " [0.00001314 0.00089562 0.00135655 0.06780271 0.27766377 0.6522682 ]] (0.913 sec)\n",
      "INFO:tensorflow:loss = 0.89983726, step = 22001 (1.794 sec)\n",
      "INFO:tensorflow:probabilities = [[0.00000094 0.000023   0.00003668 0.01312283 0.1809697  0.80584687]\n",
      " [0.00065695 0.00410974 0.00511836 0.06604145 0.23447798 0.6895956 ]\n",
      " [0.         0.00007994 0.00041368 0.07343258 0.38330707 0.5427667 ]\n",
      " ...\n",
      " [0.00005021 0.00047119 0.00246451 0.04903264 0.28725374 0.6607277 ]\n",
      " [0.00009703 0.00151805 0.00250444 0.06061881 0.25222063 0.6830411 ]\n",
      " [0.00031823 0.00182629 0.01093869 0.08971769 0.2725608  0.6246383 ]] (0.990 sec)\n",
      "INFO:tensorflow:global_step/sec: 49.4453\n",
      "INFO:tensorflow:probabilities = [[0.0002072  0.00500302 0.02348965 0.09361183 0.24930584 0.62838244]\n",
      " [0.         0.00001683 0.00106258 0.12197777 0.5621408  0.31480208]\n",
      " [0.00151615 0.1236392  0.02183771 0.21255057 0.32514197 0.31531435]\n",
      " ...\n",
      " [0.00024636 0.0009887  0.00060411 0.02644539 0.18421449 0.78750086]\n",
      " [0.000025   0.00046172 0.01704189 0.1228586  0.3194088  0.540204  ]\n",
      " [0.00010105 0.00496529 0.01927815 0.13994303 0.3098955  0.5258169 ]] (1.031 sec)\n",
      "INFO:tensorflow:loss = 0.9151899, step = 22101 (2.023 sec)\n",
      "INFO:tensorflow:probabilities = [[0.00001622 0.00148161 0.00415304 0.06738207 0.269914   0.65705305]\n",
      " [0.0000072  0.00016734 0.00367435 0.11594919 0.35378024 0.52642167]\n",
      " [0.00116276 0.0220402  0.0514757  0.15855527 0.26776108 0.49900505]\n",
      " ...\n",
      " [0.00000786 0.0008193  0.00182657 0.07874155 0.39485118 0.5237535 ]\n",
      " [0.0000052  0.00084198 0.00316248 0.08191252 0.3077361  0.6063417 ]\n",
      " [0.01911689 0.01774177 0.00872596 0.08762822 0.25906578 0.60772145]] (0.947 sec)\n",
      "INFO:tensorflow:global_step/sec: 56.7841\n",
      "INFO:tensorflow:probabilities = [[0.00001871 0.00116305 0.008866   0.10837599 0.32683584 0.5547404 ]\n",
      " [0.08041585 0.02226879 0.00945309 0.04679503 0.15375204 0.6873152 ]\n",
      " [0.         0.00009072 0.00014867 0.07758749 0.48542523 0.43674797]\n",
      " ...\n",
      " [0.00207423 0.00335931 0.01197915 0.07986581 0.25423935 0.64848214]\n",
      " [0.00809082 0.0154023  0.02152094 0.09725199 0.23804002 0.61969393]\n",
      " [0.00000353 0.00031799 0.00020247 0.02220729 0.189642   0.7876268 ]] (0.810 sec)\n",
      "INFO:tensorflow:loss = 0.93389684, step = 22201 (1.755 sec)\n",
      "INFO:tensorflow:probabilities = [[0.01159225 0.02301468 0.02453658 0.10496228 0.23407601 0.6018182 ]\n",
      " [0.0002338  0.00736523 0.03152318 0.1619945  0.31240052 0.4864828 ]\n",
      " [0.00000012 0.00022156 0.00008431 0.02604577 0.25169513 0.72195303]\n",
      " ...\n",
      " [0.00040167 0.00688724 0.0177508  0.15423566 0.31862044 0.50210416]\n",
      " [0.00337211 0.00845856 0.01623116 0.12206588 0.27725488 0.57261735]\n",
      " [0.00045817 0.00677724 0.00839829 0.07071452 0.22519806 0.6884537 ]] (0.890 sec)\n",
      "INFO:tensorflow:global_step/sec: 53.5253\n",
      "INFO:tensorflow:probabilities = [[0.00003972 0.00260474 0.00507191 0.08007357 0.27266893 0.63954115]\n",
      " [0.00001148 0.00323812 0.00872414 0.08964414 0.29651713 0.601865  ]\n",
      " [0.00007236 0.00051576 0.00217135 0.06773581 0.29173112 0.6377736 ]\n",
      " ...\n",
      " [0.0000044  0.00072523 0.00175818 0.07812356 0.3044646  0.614924  ]\n",
      " [0.00000028 0.00005746 0.00124064 0.07603002 0.33895177 0.58371985]\n",
      " [0.00000168 0.00002938 0.00047539 0.03332273 0.25837    0.7078008 ]] (0.979 sec)\n",
      "INFO:tensorflow:loss = 0.92151016, step = 22301 (1.869 sec)\n",
      "INFO:tensorflow:probabilities = [[0.00006814 0.00083318 0.00695035 0.0855675  0.2918768  0.6147041 ]\n",
      " [0.00000058 0.00191137 0.00986288 0.11388379 0.33199468 0.5423467 ]\n",
      " [0.00000006 0.0000258  0.00046896 0.04961579 0.30455816 0.64533126]\n",
      " ...\n",
      " [0.0002574  0.00777309 0.01821011 0.12508555 0.28368732 0.5649866 ]\n",
      " [0.00026847 0.06871509 0.02761833 0.22040692 0.35452652 0.32846472]\n",
      " [0.00006189 0.00356802 0.0106028  0.10662144 0.28357482 0.59557104]] (0.951 sec)\n"
     ]
    },
    {
     "name": "stdout",
     "output_type": "stream",
     "text": [
      "INFO:tensorflow:global_step/sec: 54.3476\n",
      "INFO:tensorflow:probabilities = [[0.00051732 0.0245516  0.0529344  0.16530754 0.2790258  0.47766334]\n",
      " [0.00000011 0.00203598 0.00517268 0.13929068 0.4095539  0.4439467 ]\n",
      " [0.00001013 0.00081564 0.00462948 0.09029673 0.30174288 0.602505  ]\n",
      " ...\n",
      " [0.02010148 0.01177278 0.01958976 0.06688067 0.19437754 0.6872778 ]\n",
      " [0.         0.00000657 0.00127901 0.11914167 0.44597137 0.4336014 ]\n",
      " [0.00003292 0.00109161 0.00694574 0.09255777 0.29421815 0.6051538 ]] (0.891 sec)\n",
      "INFO:tensorflow:loss = 0.9145263, step = 22401 (1.843 sec)\n",
      "INFO:tensorflow:probabilities = [[0.00198974 0.01853134 0.01723245 0.08577342 0.22208522 0.65438783]\n",
      " [0.00021188 0.0185139  0.03474177 0.19906855 0.32717952 0.42028433]\n",
      " [0.00002461 0.00141457 0.00137021 0.04165241 0.2065712  0.748967  ]\n",
      " ...\n",
      " [0.00000018 0.0000237  0.000815   0.04031817 0.25552526 0.7033177 ]\n",
      " [0.00179517 0.01375833 0.01831877 0.1079808  0.26505467 0.5930922 ]\n",
      " [0.00001593 0.00113971 0.00439538 0.10314701 0.3098325  0.5814695 ]] (0.937 sec)\n",
      "INFO:tensorflow:global_step/sec: 52.8416\n",
      "INFO:tensorflow:probabilities = [[0.01876573 0.05508333 0.0249719  0.10281844 0.22145805 0.5769025 ]\n",
      " [0.00002363 0.00055102 0.00064732 0.03130212 0.21557723 0.7518987 ]\n",
      " [0.00002732 0.00166439 0.00526836 0.1059274  0.32102486 0.5660877 ]\n",
      " ...\n",
      " [0.00006768 0.00358281 0.03185216 0.12335858 0.38494542 0.4561934 ]\n",
      " [0.00174747 0.01935224 0.01328099 0.10833146 0.26048276 0.5968051 ]\n",
      " [0.00006021 0.01203705 0.00765914 0.09939789 0.30467737 0.5761683 ]] (0.955 sec)\n",
      "INFO:tensorflow:loss = 0.97924596, step = 22501 (1.894 sec)\n",
      "INFO:tensorflow:probabilities = [[0.00005126 0.00307507 0.01590225 0.12615642 0.30137405 0.5534409 ]\n",
      " [0.00005786 0.00223556 0.01159028 0.11033647 0.28806058 0.5877192 ]\n",
      " [0.0076787  0.01328718 0.00741018 0.06973515 0.21963814 0.68225056]\n",
      " ...\n",
      " [0.         0.00000206 0.00018266 0.06494088 0.43340188 0.5014726 ]\n",
      " [0.         0.00008751 0.00062301 0.11549772 0.53586537 0.3479264 ]\n",
      " [0.00141307 0.01281573 0.0210639  0.11755803 0.258343   0.5888062 ]] (0.946 sec)\n",
      "INFO:tensorflow:global_step/sec: 54.0409\n",
      "INFO:tensorflow:probabilities = [[0.00000083 0.00004308 0.00015369 0.02255239 0.20350623 0.77374375]\n",
      " [0.0000816  0.00355419 0.00829257 0.10891595 0.29715005 0.5820056 ]\n",
      " [0.0013039  0.00970717 0.02841984 0.15185395 0.29984042 0.5088747 ]\n",
      " ...\n",
      " [0.00000072 0.00195928 0.0021364  0.11638366 0.42406234 0.4554576 ]\n",
      " [0.00000024 0.0004066  0.00649957 0.1349786  0.36880678 0.48930815]\n",
      " [0.00011612 0.00060389 0.00108066 0.03297751 0.1767922  0.7884296 ]] (0.905 sec)\n",
      "INFO:tensorflow:loss = 0.95155656, step = 22601 (1.850 sec)\n",
